$ANSIBLE_VAULT;1.1;AES256
33303539343261386439343835303530326634306539643966363939306534343737333530633163
3535333338616536393734346331373732663435316235300a363264653361336330306663323133
37643632316638393635393338613866373733336462653864353937646361313962393038656562
3332623864643533360a326166616239326133376265363563643139633533323930646561373138
61313534373032313730656235306135663163653730313736326261616332346132386665663664
37313630653934333963306330303861363330313331363830393933373465393736316231643736
64336531343939643639316435313965376534656430613566333136396537396362313439663733
33396130373836373162623330306336613436333930353162346431386636306635313365396435
39653763656139303137616239633035393834613866623638323934396365373437333661303632
36376631643134323861666566383530633939303136643339376463376234653330323134343863
30653435633332333338666135633638326339643163386437323166363135653866613631346164
65383930636537366432343466643763623763363162633063326537376336363931663665346334
33653563653066366439373034653137373865353937663330616637373664663261313939366132
64393864383533666365636238643832656131346233383939613331623030373534646361306532
34633165373561663563313764393633373562366237373135653861336236613538656532386639
37353533313634623039656664356264646161373439383561373465316231363632326534613565
37336361616633363865383934623235313763303830623838313663333733396635656431303965
64313735626563326434633432626233316666383536613262663763313364313034356137316534
39636564393938323437343866626130326238313535353037353133653533343338653363663361
66396639643036353633306132303033613166323463366334643334333530393832326237636537
61343031323064336338616538366637396163336331663061343839653965636566346439643362
39346566333366383466333239366338333266376532353562333665663130646333626665613435
65356163393365643639383530333432363637666362623433343364636636356530653637303133
66623131363762616261376662353861333264616163323839346139326331386637383465636538
3239
